100101001000
011101110101
000001010101
001001010001
001101011110
010101001100
110110011111
100100110101
101010110110
001100001001
010100000001
011001010010
001011000011
001001100111
000000100011
100101101111
000100011011
110011000101
111101100100
001110000111
010110001010
110100011111
110011010000
010100100111
100011111101
111101000110
011000111111
001111001101
100100010000
111111110111
101111110110
110000011000
010101011011
001000100000
100011101100
001111001111
101000101010
110110000000
001101101001
000000001010
010101010111
010101110010
010000110101
001110001101
011110011010
011011100100
000111110110
100110101100
100001101111
100000010111
111100001111
110000101110
011000111011
001101000011
111110010001
101000111000
110111100110
101101011010
101111110010
110101111110
001011011001
001101010000
111001100110
100111001000
011110100101
011111000110
010010010101
001001001001
011111011101
100010000101
101111111010
000110100001
011001000110
101001010000
101001000001
100110111101
110011001011
010010100001
110001100010
111010000001
100011011110
101010011000
001000100100
100011001110
111110100010
101110001000
001100110001
010010101011
001011101111
101111011101
011100110000
101010011011
000011011010
101010111100
011101010001
111111101000
110110010000
100101000111
111010010011
010100111001
010110100101
100000010101
111110011000
011111011100
010001101110
110011110000
100101001100
100000000101
000011111101
001011100111
001111100110
000100111100
101110100101
010000111000
011001011111
011100100100
000011000100
111110111010
011111110000
110011000100
010010001111
001100111101
111101001001
100000110010
101110110011
100111010010
010001001001
010000001011
100001000001
010010010100
000000111101
001100010010
000111001110
000101010010
000010011000
001111011011
110001100000
011110101010
011000100110
110111011101
001001100010
110101000011
000011110100
100000011110
111100101001
111111101001
111110000101
110101100011
100101110100
001001011000
011000110100
110000001000
100100111011
110111001111
000110000111
011011110110
011100001011
111111111000
111001101000
011101010111
110011001100
001000000111
101011001001
000100101111
111110100111
100000011010
101100100100
110001000110
101100011110
110010011001
101000100110
001111110111
010011111100
000111101101
011010011110
101010010011
101000110011
011111001000
000001111000
111001110110
111110011101
101110101000
010010010110
011011110100
110100100011
000101000111
000110000000
001101010100
100101101000
101101001011
110101011010
010111100111
101100010111
111110001000
010101101000
100010001001
110100010000
100110000000
101101001100
100010111001
001101010001